[detector_elite_hud]
        aim_hud_offset_pos_16x9          = 0.000000, 0.000000, 0.000000
        aim_hud_offset_rot_16x9          = 0.000000, 0.000000, 0.000000
        fire_point                       = 0.000000, 0.000000, -0.050000
        fire_point2                      = -0.100000, 0.000000, 0.000000
        gl_hud_offset_pos_16x9           = 0.000000, 0.000000, 0.000000
        gl_hud_offset_rot_16x9           = 0.000000, 0.000000, 0.000000
        hands_orientation_16x9           = 4.609228, 9.570553, 0.523029
        hands_position_16x9              = -0.028831, -0.090758, 0.101640
        hud_collision_offset_pos_16x9    = 0.000000, 0.000000, 0.000000
        hud_collision_offset_rot_16x9    = 0.000000, 0.000000, 0.000000
        item_orientation                 = -46.000000, 170.000000, 190.000000
        item_position                    = -0.050000, 0.026000, 0.025000
        safemode_offset_pos_16x9         = 0.000000, 0.000000, 0.000000
        safemode_offset_rot_16x9         = 0.000000, 0.000000, 0.000000
        shell_point                      = 0.000000, 0.000000, 0.000000
 
