[detector_simple_hud]
        aim_hud_offset_pos_16x9          = 0.000000, 0.000000, 0.000000
        aim_hud_offset_rot_16x9          = 0.000000, 0.000000, 0.000000
        fire_point                       = 0.000000, 0.000000, -0.050000
        fire_point2                      = -0.010000, 0.050000, -0.040000
        gl_hud_offset_pos_16x9           = 0.000000, 0.000000, 0.000000
        gl_hud_offset_rot_16x9           = 0.000000, 0.000000, 0.000000
        hands_orientation_16x9           = 5.906440, 11.971780, -2.881194
        hands_position_16x9              = -0.027539, -0.116984, 0.111619
        hud_collision_offset_pos_16x9    = 0.000000, 0.000000, 0.000000
        hud_collision_offset_rot_16x9    = 0.000000, 0.000000, 0.000000
        item_orientation                 = 125.000000, 3.000000, 10.000000
        item_position                    = -0.095000, 0.012000, -0.004000
        safemode_offset_pos_16x9         = 0.000000, 0.000000, 0.000000
        safemode_offset_rot_16x9         = 0.000000, 0.000000, 0.000000
        shell_point                      = 0.000000, 0.000000, 0.000000
 
