[detector_advanced_hud]
        aim_hud_offset_pos_16x9          = 0.000000, 0.000000, 0.000000
        aim_hud_offset_rot_16x9          = 0.000000, 0.000000, 0.000000
        fire_point                       = 0.000000, 0.000000, -0.050000
        fire_point2                      = -0.150000, 0.050000, 0.020000
        gl_hud_offset_pos_16x9           = 0.000000, 0.000000, 0.000000
        gl_hud_offset_rot_16x9           = 0.000000, 0.000000, 0.000000
        hands_orientation_16x9           = 4.609228, 9.570553, 0.523029
        hands_position_16x9              = -0.015012, -0.092392, 0.080609
        hud_collision_offset_pos_16x9    = 0.000000, 0.000000, 0.000000
        hud_collision_offset_rot_16x9    = 0.000000, 0.000000, 0.000000
        item_orientation                 = -60.000000, -196.000000, 195.000000
        item_position                    = -0.086000, 0.039000, 0.002000
        safemode_offset_pos_16x9         = 0.000000, 0.000000, 0.000000
        safemode_offset_rot_16x9         = 0.000000, 0.000000, 0.000000
        shell_point                      = 0.000000, 0.000000, 0.000000
 
